#V3.30
#C data file created using the SS_writedat function in the R package r4ss
#C should work with SS version: 
#C file write time: 2020-01-23 16:14:32
#
1950 #_styr
2017 #_endyr
1 #_nseas
12 #_months_per_seas
2 #_Nsubseasons
1 #_spawn_month
1 #_Nsexes
14 #_Nages
1 #_Nareas
9 #_Nfleets
#_fleetinfo
#_type	surveytiming	area	units	need_catch_mult	fleetname
1	-1	1	1	0	CM_E   	#_1
1	-1	1	1	0	CM_W   	#_2
1	-1	1	2	0	REC    	#_3
2	-1	1	2	0	SMP_BYC	#_4
3	 1	1	1	0	HB_E   	#_5
3	 1	1	1	0	HB_W   	#_6
3	 1	1	1	0	LARVAL 	#_7
3	 1	1	1	0	VIDEO  	#_8
3	 1	1	1	0	SEAMAP 	#_9
#Bycatch_fleet_input
#_fleetindex	includeinMSY	Fmult	F_or_first_year	F_or_last_year	unused
4	1	3	2011	2014	999	#_4
#_Catch data
#_year	season	fleet	catch	catch_se
 1950	1	1	   1.000	0.05	#_1         
 1951	1	1	   1.990	0.05	#_2         
 1952	1	1	   2.990	0.05	#_3         
 1953	1	1	   3.980	0.05	#_4         
 1954	1	1	   4.980	0.05	#_5         
 1955	1	1	   5.980	0.05	#_6         
 1956	1	1	   6.970	0.05	#_7         
 1957	1	1	   7.970	0.05	#_8         
 1958	1	1	   8.970	0.05	#_9         
 1959	1	1	   9.960	0.05	#_10        
 1960	1	1	  10.960	0.05	#_11        
 1961	1	1	  11.950	0.05	#_12        
 1962	1	1	  12.950	0.05	#_13        
 1963	1	1	  13.935	0.05	#_14        
 1964	1	1	  15.243	0.05	#_15        
 1965	1	1	  15.143	0.05	#_16        
 1966	1	1	   7.898	0.05	#_17        
 1967	1	1	  15.998	0.05	#_18        
 1968	1	1	  31.794	0.05	#_19        
 1969	1	1	  40.498	0.05	#_20        
 1970	1	1	  37.781	0.05	#_21        
 1971	1	1	  41.252	0.05	#_22        
 1972	1	1	  36.423	0.05	#_23        
 1973	1	1	  61.426	0.05	#_24        
 1974	1	1	  58.307	0.05	#_25        
 1975	1	1	 126.876	0.05	#_26        
 1976	1	1	 111.482	0.05	#_27        
 1977	1	1	 151.093	0.05	#_28        
 1978	1	1	 129.872	0.05	#_29        
 1979	1	1	  99.001	0.05	#_30        
 1980	1	1	  72.360	0.05	#_31        
 1981	1	1	 104.931	0.05	#_32        
 1982	1	1	 108.487	0.05	#_33        
 1983	1	1	 171.188	0.05	#_34        
 1984	1	1	 241.128	0.05	#_35        
 1985	1	1	 304.633	0.05	#_36        
 1986	1	1	 312.554	0.05	#_37        
 1987	1	1	 242.256	0.05	#_38        
 1988	1	1	 222.730	0.05	#_39        
 1989	1	1	 217.000	0.05	#_40        
 1990	1	1	 516.745	0.05	#_41        
 1991	1	1	 420.571	0.05	#_42        
 1992	1	1	 538.129	0.05	#_43        
 1993	1	1	 742.425	0.05	#_44        
 1994	1	1	 711.928	0.05	#_45        
 1995	1	1	 678.322	0.05	#_46        
 1996	1	1	 523.542	0.05	#_47        
 1997	1	1	 469.073	0.05	#_48        
 1998	1	1	 365.002	0.05	#_49        
 1999	1	1	 416.384	0.05	#_50        
 2000	1	1	 315.332	0.05	#_51        
 2001	1	1	 362.239	0.05	#_52        
 2002	1	1	 451.753	0.05	#_53        
 2003	1	1	 522.876	0.05	#_54        
 2004	1	1	 420.593	0.05	#_55        
 2005	1	1	 443.952	0.05	#_56        
 2006	1	1	 505.012	0.05	#_57        
 2007	1	1	 527.224	0.05	#_58        
 2008	1	1	 809.367	0.05	#_59        
 2009	1	1	1273.013	0.05	#_60        
 2010	1	1	 598.161	0.05	#_61        
 2011	1	1	1101.231	0.05	#_62        
 2012	1	1	 720.121	0.05	#_63        
 2013	1	1	 416.259	0.05	#_64        
 2014	1	1	 502.119	0.05	#_65        
 2015	1	1	 300.366	0.05	#_66        
 2016	1	1	 361.166	0.05	#_67        
 2017	1	1	 422.485	0.05	#_68        
 1950	1	2	   0.730	0.05	#_69        
 1951	1	2	   1.460	0.05	#_70        
 1952	1	2	   2.190	0.05	#_71        
 1953	1	2	   2.920	0.05	#_72        
 1954	1	2	   3.650	0.05	#_73        
 1955	1	2	   4.380	0.05	#_74        
 1956	1	2	   5.110	0.05	#_75        
 1957	1	2	   5.840	0.05	#_76        
 1958	1	2	   6.570	0.05	#_77        
 1959	1	2	   7.300	0.05	#_78        
 1960	1	2	   8.030	0.05	#_79        
 1961	1	2	   8.760	0.05	#_80        
 1962	1	2	   9.490	0.05	#_81        
 1963	1	2	  10.212	0.05	#_82        
 1964	1	2	  10.665	0.05	#_83        
 1965	1	2	   9.408	0.05	#_84        
 1966	1	2	   3.018	0.05	#_85        
 1967	1	2	   7.144	0.05	#_86        
 1968	1	2	  22.789	0.05	#_87        
 1969	1	2	  12.275	0.05	#_88        
 1970	1	2	  20.123	0.05	#_89        
 1971	1	2	  21.783	0.05	#_90        
 1972	1	2	  21.079	0.05	#_91        
 1973	1	2	  24.902	0.05	#_92        
 1974	1	2	  30.285	0.05	#_93        
 1975	1	2	  49.553	0.05	#_94        
 1976	1	2	  27.418	0.05	#_95        
 1977	1	2	  88.436	0.05	#_96        
 1978	1	2	  73.994	0.05	#_97        
 1979	1	2	  99.911	0.05	#_98        
 1980	1	2	  67.283	0.05	#_99        
 1981	1	2	  52.421	0.05	#_100       
 1982	1	2	  66.393	0.05	#_101       
 1983	1	2	  73.310	0.05	#_102       
 1984	1	2	 384.463	0.05	#_103       
 1985	1	2	 334.297	0.05	#_104       
 1986	1	2	 425.595	0.05	#_105       
 1987	1	2	 454.779	0.05	#_106       
 1988	1	2	 449.467	0.05	#_107       
 1989	1	2	 454.499	0.05	#_108       
 1990	1	2	 436.021	0.05	#_109       
 1991	1	2	 366.098	0.05	#_110       
 1992	1	2	 476.145	0.05	#_111       
 1993	1	2	 462.864	0.05	#_112       
 1994	1	2	 471.416	0.05	#_113       
 1995	1	2	 296.518	0.05	#_114       
 1996	1	2	 295.444	0.05	#_115       
 1997	1	2	 486.120	0.05	#_116       
 1998	1	2	 405.702	0.05	#_117       
 1999	1	2	 497.473	0.05	#_118       
 2000	1	2	 343.647	0.05	#_119       
 2001	1	2	 409.773	0.05	#_120       
 2002	1	2	 453.104	0.05	#_121       
 2003	1	2	 570.543	0.05	#_122       
 2004	1	2	 551.824	0.05	#_123       
 2005	1	2	 401.583	0.05	#_124       
 2006	1	2	 288.316	0.05	#_125       
 2007	1	2	 547.909	0.05	#_126       
 2008	1	2	 466.472	0.05	#_127       
 2009	1	2	 443.974	0.05	#_128       
 2010	1	2	 356.550	0.05	#_129       
 2011	1	2	 329.252	0.05	#_130       
 2012	1	2	 384.454	0.05	#_131       
 2013	1	2	 225.620	0.05	#_132       
 2014	1	2	 298.637	0.05	#_133       
 2015	1	2	 317.712	0.05	#_134       
 2016	1	2	 353.972	0.05	#_135       
 2017	1	2	 312.975	0.05	#_136       
 1950	1	3	   6.030	0.15	#_137       
 1951	1	3	  16.203	0.15	#_138       
 1952	1	3	  26.376	0.15	#_139       
 1953	1	3	  36.549	0.15	#_140       
 1954	1	3	  46.722	0.15	#_141       
 1955	1	3	  56.894	0.15	#_142       
 1956	1	3	  67.067	0.15	#_143       
 1957	1	3	  77.240	0.15	#_144       
 1958	1	3	  87.413	0.15	#_145       
 1959	1	3	  97.586	0.15	#_146       
 1960	1	3	 107.759	0.15	#_147       
 1961	1	3	 117.932	0.15	#_148       
 1962	1	3	 128.105	0.15	#_149       
 1963	1	3	 138.278	0.15	#_150       
 1964	1	3	 148.451	0.15	#_151       
 1965	1	3	 158.623	0.15	#_152       
 1966	1	3	 168.796	0.15	#_153       
 1967	1	3	 178.969	0.15	#_154       
 1968	1	3	 189.142	0.15	#_155       
 1969	1	3	 199.315	0.15	#_156       
 1970	1	3	 209.488	0.15	#_157       
 1971	1	3	 219.661	0.15	#_158       
 1972	1	3	 229.834	0.15	#_159       
 1973	1	3	 240.007	0.15	#_160       
 1974	1	3	 250.179	0.15	#_161       
 1975	1	3	 260.352	0.15	#_162       
 1976	1	3	 270.525	0.15	#_163       
 1977	1	3	 280.698	0.15	#_164       
 1978	1	3	 290.871	0.15	#_165       
 1979	1	3	 301.044	0.15	#_166       
 1980	1	3	 311.217	0.15	#_167       
 1981	1	3	 321.390	0.15	#_168       
 1982	1	3	 705.743	0.15	#_169       
 1983	1	3	 271.946	0.15	#_170       
 1984	1	3	 418.872	0.15	#_171       
 1985	1	3	 799.702	0.15	#_172       
 1986	1	3	1111.405	0.15	#_173       
 1987	1	3	1366.060	0.15	#_174       
 1988	1	3	2019.030	0.15	#_175       
 1989	1	3	1106.635	0.15	#_176       
 1990	1	3	1266.867	0.15	#_177       
 1991	1	3	1600.508	0.15	#_178       
 1992	1	3	1967.015	0.15	#_179       
 1993	1	3	1480.459	0.15	#_180       
 1994	1	3	1201.986	0.15	#_181       
 1995	1	3	1476.298	0.15	#_182       
 1996	1	3	 586.052	0.15	#_183       
 1997	1	3	 689.456	0.15	#_184       
 1998	1	3	 362.772	0.15	#_185       
 1999	1	3	 707.579	0.15	#_186       
 2000	1	3	 412.816	0.15	#_187       
 2001	1	3	1227.992	0.15	#_188       
 2002	1	3	1119.193	0.15	#_189       
 2003	1	3	1065.597	0.15	#_190       
 2004	1	3	1101.097	0.15	#_191       
 2005	1	3	 791.396	0.15	#_192       
 2006	1	3	 764.251	0.15	#_193       
 2007	1	3	 762.783	0.15	#_194       
 2008	1	3	 681.826	0.15	#_195       
 2009	1	3	1105.568	0.15	#_196       
 2010	1	3	 758.396	0.15	#_197       
 2011	1	3	1635.345	0.15	#_198       
 2012	1	3	1018.593	0.15	#_199       
 2013	1	3	1636.363	0.15	#_200       
 2014	1	3	1588.106	0.15	#_201       
 2015	1	3	1491.552	0.15	#_202       
 2016	1	3	1639.273	0.15	#_203       
 2017	1	3	2336.507	0.15	#_204       
 1950	1	4	   0.001	0.10	#_205       
 1951	1	4	   0.001	0.10	#_206       
 1952	1	4	   0.001	0.10	#_207       
 1953	1	4	   0.001	0.10	#_208       
 1954	1	4	   0.001	0.10	#_209       
 1955	1	4	   0.001	0.10	#_210       
 1956	1	4	   0.001	0.10	#_211       
 1957	1	4	   0.001	0.10	#_212       
 1958	1	4	   0.001	0.10	#_213       
 1959	1	4	   0.001	0.10	#_214       
 1960	1	4	   0.001	0.10	#_215       
 1961	1	4	   0.001	0.10	#_216       
 1962	1	4	   0.001	0.10	#_217       
 1963	1	4	   0.001	0.10	#_218       
 1964	1	4	   0.001	0.10	#_219       
 1965	1	4	   0.001	0.10	#_220       
 1966	1	4	   0.001	0.10	#_221       
 1967	1	4	   0.001	0.10	#_222       
 1968	1	4	   0.001	0.10	#_223       
 1969	1	4	   0.001	0.10	#_224       
 1970	1	4	   0.001	0.10	#_225       
 1971	1	4	   0.001	0.10	#_226       
 1972	1	4	   0.001	0.10	#_227       
 1973	1	4	   0.001	0.10	#_228       
 1974	1	4	   0.001	0.10	#_229       
 1975	1	4	   0.001	0.10	#_230       
 1976	1	4	   0.001	0.10	#_231       
 1977	1	4	   0.001	0.10	#_232       
 1978	1	4	   0.001	0.10	#_233       
 1979	1	4	   0.001	0.10	#_234       
 1980	1	4	   0.001	0.10	#_235       
 1981	1	4	   0.001	0.10	#_236       
 1982	1	4	   0.001	0.10	#_237       
 1983	1	4	   0.001	0.10	#_238       
 1984	1	4	   0.001	0.10	#_239       
 1985	1	4	   0.001	0.10	#_240       
 1986	1	4	   0.001	0.10	#_241       
 1987	1	4	   0.001	0.10	#_242       
 1988	1	4	   0.001	0.10	#_243       
 1989	1	4	   0.001	0.10	#_244       
 1990	1	4	   0.001	0.10	#_245       
 1991	1	4	   0.001	0.10	#_246       
 1992	1	4	   0.001	0.10	#_247       
 1993	1	4	   0.001	0.10	#_248       
 1994	1	4	   0.001	0.10	#_249       
 1995	1	4	   0.001	0.10	#_250       
 1996	1	4	   0.001	0.10	#_251       
 1997	1	4	   0.001	0.10	#_252       
 1998	1	4	   0.001	0.10	#_253       
 1999	1	4	   0.001	0.10	#_254       
 2000	1	4	   0.001	0.10	#_255       
 2001	1	4	   0.001	0.10	#_256       
 2002	1	4	   0.001	0.10	#_257       
 2003	1	4	   0.001	0.10	#_258       
 2004	1	4	   0.001	0.10	#_259       
 2005	1	4	   0.001	0.10	#_260       
 2006	1	4	   0.001	0.10	#_261       
 2007	1	4	   0.001	0.10	#_262       
 2008	1	4	   0.001	0.10	#_263       
 2009	1	4	   0.001	0.10	#_264       
 2010	1	4	   0.001	0.10	#_265       
 2011	1	4	   0.001	0.10	#_266       
 2012	1	4	   0.001	0.10	#_267       
 2013	1	4	   0.001	0.10	#_268       
 2014	1	4	   0.001	0.10	#_269       
 2015	1	4	   0.001	0.10	#_270       
 2016	1	4	   0.001	0.10	#_271       
 2017	1	4	   0.001	0.10	#_272       
-9999	0	0	   0.000	0.00	#_terminator
#_CPUE_and_surveyabundance_observations
#_Units:  0=numbers; 1=biomass; 2=F; >=30 for special types
#_Errtype:  -1=normal; 0=lognormal; >0=T
#_SD_Report: 0=no sdreport; 1=enable sdreport
#_Fleet	Units	Errtype	SD_Report
1	 1	0	0	#_CM_E   
2	 1	0	0	#_CM_W   
3	 0	0	0	#_REC    
4	 2	0	0	#_SMP_BYC
5	 0	0	0	#_HB_E   
6	 0	0	0	#_HB_W   
7	30	0	0	#_LARVAL 
8	 0	0	0	#_VIDEO  
9	 0	0	0	#_SEAMAP 
#
#_CPUE_data
#_year	seas	index	obs	se_log
 1993	7	1	1.036400	0.224000	#_1         
 1994	7	1	1.232100	0.192100	#_2         
 1995	7	1	0.897000	0.214800	#_3         
 1996	7	1	0.950600	0.190900	#_4         
 1997	7	1	0.887900	0.200700	#_5         
 1998	7	1	0.877700	0.202100	#_6         
 1999	7	1	0.946100	0.185700	#_7         
 2000	7	1	0.791500	0.217000	#_8         
 2001	7	1	0.866300	0.204500	#_9         
 2002	7	1	0.943500	0.189100	#_10        
 2003	7	1	0.994800	0.181700	#_11        
 2004	7	1	0.982500	0.194500	#_12        
 2005	7	1	1.285400	0.191300	#_13        
 2006	7	1	1.308200	0.211700	#_14        
 1993	7	2	1.061400	0.294600	#_15        
 1994	7	2	1.462800	0.242100	#_16        
 1995	7	2	0.933500	0.250200	#_17        
 1996	7	2	1.016800	0.215800	#_18        
 1997	7	2	1.294100	0.165700	#_19        
 1998	7	2	1.017900	0.185300	#_20        
 1999	7	2	1.054300	0.159700	#_21        
 2000	7	2	0.721700	0.191200	#_22        
 2001	7	2	0.764900	0.200600	#_23        
 2002	7	2	1.002100	0.174300	#_24        
 2003	7	2	1.262000	0.157100	#_25        
 2004	7	2	1.245300	0.154800	#_26        
 2005	7	2	0.770000	0.182300	#_27        
 2006	7	2	0.393100	0.226300	#_28        
 1986	7	5	0.900300	0.286700	#_29        
 1987	7	5	1.008700	0.274800	#_30        
 1988	7	5	2.163400	0.192500	#_31        
 1989	7	5	1.342900	0.193400	#_32        
 1990	7	5	1.689100	0.179800	#_33        
 1991	7	5	1.802900	0.178300	#_34        
 1992	7	5	2.499300	0.170700	#_35        
 1993	7	5	1.598900	0.176500	#_36        
 1994	7	5	1.766200	0.174200	#_37        
 1995	7	5	1.489400	0.186300	#_38        
 1996	7	5	0.822400	0.198800	#_39        
 1997	7	5	0.735600	0.196400	#_40        
 1998	7	5	0.190300	0.218800	#_41        
 1999	7	5	0.421100	0.232900	#_42        
 2000	7	5	0.354000	0.222000	#_43        
 2001	7	5	0.441800	0.213700	#_44        
 2002	7	5	0.482500	0.211800	#_45        
 2003	7	5	0.587300	0.209000	#_46        
 2004	7	5	0.628500	0.204000	#_47        
 2005	7	5	0.812100	0.205500	#_48        
 2006	7	5	0.560600	0.221000	#_49        
 2007	7	5	0.371900	0.231500	#_50        
 2008	7	5	0.667400	0.200900	#_51        
 2009	7	5	0.789900	0.197000	#_52        
 2010	7	5	0.860200	0.215000	#_53        
 2011	7	5	1.058300	0.193800	#_54        
 2012	7	5	0.656300	0.194400	#_55        
 2013	7	5	0.892200	0.178700	#_56        
 2014	7	5	0.947700	0.167800	#_57        
 2015	7	5	0.898300	0.166700	#_58        
 2016	7	5	0.957200	0.158600	#_59        
 2017	7	5	1.603400	0.148800	#_60        
 1986	7	6	1.751700	0.208300	#_61        
 1987	7	6	1.223000	0.198700	#_62        
 1988	7	6	0.928100	0.214600	#_63        
 1989	7	6	1.290800	0.204600	#_64        
 1990	7	6	1.766700	0.190400	#_65        
 1991	7	6	0.983400	0.194800	#_66        
 1992	7	6	0.944600	0.182900	#_67        
 1993	7	6	1.149600	0.171000	#_68        
 1994	7	6	1.137500	0.166900	#_69        
 1995	7	6	1.214200	0.165700	#_70        
 1996	7	6	0.885700	0.172200	#_71        
 1997	7	6	0.836600	0.184200	#_72        
 1998	7	6	0.796300	0.176800	#_73        
 1999	7	6	0.687000	0.203600	#_74        
 2000	7	6	0.519300	0.197500	#_75        
 2001	7	6	0.835600	0.190100	#_76        
 2002	7	6	0.974200	0.178700	#_77        
 2003	7	6	0.635500	0.177000	#_78        
 2004	7	6	1.091000	0.174100	#_79        
 2005	7	6	1.218400	0.171900	#_80        
 2006	7	6	0.651600	0.186800	#_81        
 2007	7	6	1.437900	0.180500	#_82        
 2008	7	6	0.261000	0.285000	#_83        
 2009	7	6	0.344400	0.219400	#_84        
 2010	7	6	1.139800	0.208900	#_85        
 2011	7	6	1.164700	0.209300	#_86        
 2012	7	6	0.912900	0.219100	#_87        
 2013	7	6	1.102600	0.221100	#_88        
 2014	7	6	0.896400	0.248600	#_89        
 2015	7	6	1.053400	0.217800	#_90        
 2016	7	6	1.151400	0.227300	#_91        
 2017	7	6	1.014500	0.252300	#_92        
 1986	7	3	2.800300	0.134300	#_93        
 1987	7	3	1.178800	0.240200	#_94        
 1988	7	3	1.911200	0.270200	#_95        
 1989	7	3	0.885500	0.329800	#_96        
 1990	7	3	2.228600	0.246200	#_97        
 1991	7	3	1.469600	0.180300	#_98        
 1992	7	3	1.382000	0.136400	#_99        
 1993	7	3	1.536200	0.169800	#_100       
 1994	7	3	1.433900	0.231500	#_101       
 1995	7	3	1.982500	0.232200	#_102       
 1996	7	3	1.007000	0.301800	#_103       
 1997	7	3	0.273800	0.220000	#_104       
 1998	7	3	0.360700	0.198200	#_105       
 1999	7	3	0.387100	0.140500	#_106       
 2000	7	3	0.346600	0.213300	#_107       
 2001	7	3	0.487500	0.205100	#_108       
 2002	7	3	0.362800	0.202300	#_109       
 2003	7	3	0.422000	0.179200	#_110       
 2004	7	3	0.542800	0.144000	#_111       
 2005	7	3	0.581400	0.165600	#_112       
 2006	7	3	0.536600	0.182300	#_113       
 2007	7	3	0.424800	0.211400	#_114       
 2008	7	3	0.661700	0.224300	#_115       
 2009	7	3	1.023500	0.225000	#_116       
 2010	7	3	0.561200	0.240600	#_117       
 2011	7	3	1.310800	0.155600	#_118       
 2012	7	3	0.881200	0.185000	#_119       
 2013	7	3	1.021900	0.213000	#_120       
 2014	7	3	1.185700	0.150100	#_121       
 2015	7	3	0.958100	0.156000	#_122       
 2016	7	3	0.678600	0.156300	#_123       
 2017	7	3	1.175900	0.159500	#_124       
 1950	7	4	0.198900	0.200000	#_125       
 1951	7	4	0.271200	0.200000	#_126       
 1952	7	4	0.320300	0.200000	#_127       
 1953	7	4	0.336800	0.200000	#_128       
 1954	7	4	0.436600	0.200000	#_129       
 1955	7	4	0.455100	0.200000	#_130       
 1956	7	4	0.581800	0.200000	#_131       
 1957	7	4	0.666100	0.200000	#_132       
 1958	7	4	0.815700	0.200000	#_133       
 1959	7	4	0.879300	0.200000	#_134       
 1960	7	4	0.879000	0.200000	#_135       
 1961	7	4	0.665800	0.200000	#_136       
 1962	7	4	0.641100	0.200000	#_137       
 1963	7	4	0.730800	0.200000	#_138       
 1964	7	4	0.771900	0.200000	#_139       
 1965	7	4	0.856700	0.200000	#_140       
 1966	7	4	0.843100	0.200000	#_141       
 1967	7	4	0.918400	0.200000	#_142       
 1968	7	4	0.933200	0.200000	#_143       
 1969	7	4	1.060400	0.200000	#_144       
 1970	7	4	0.999100	0.200000	#_145       
 1971	7	4	0.952700	0.200000	#_146       
 1972	7	4	0.948800	0.200000	#_147       
 1973	7	4	0.955000	0.200000	#_148       
 1974	7	4	0.950500	0.200000	#_149       
 1975	7	4	0.956200	0.200000	#_150       
 1976	7	4	0.991900	0.200000	#_151       
 1977	7	4	1.086500	0.200000	#_152       
 1978	7	4	1.148500	0.200000	#_153       
 1979	7	4	1.204100	0.200000	#_154       
 1980	7	4	1.235900	0.200000	#_155       
 1981	7	4	1.132300	0.200000	#_156       
 1982	7	4	1.094600	0.200000	#_157       
 1983	7	4	1.132000	0.200000	#_158       
 1984	7	4	1.332500	0.200000	#_159       
 1985	7	4	1.275600	0.200000	#_160       
 1986	7	4	1.428000	0.200000	#_161       
 1987	7	4	1.258500	0.200000	#_162       
 1988	7	4	1.153100	0.200000	#_163       
 1989	7	4	1.255300	0.200000	#_164       
 1990	7	4	1.143000	0.200000	#_165       
 1991	7	4	1.204300	0.200000	#_166       
 1992	7	4	1.423900	0.200000	#_167       
 1993	7	4	1.206500	0.200000	#_168       
 1994	7	4	1.210500	0.200000	#_169       
 1995	7	4	1.349700	0.200000	#_170       
 1996	7	4	1.553200	0.200000	#_171       
 1997	7	4	1.613900	0.200000	#_172       
 1998	7	4	1.965500	0.200000	#_173       
 1999	7	4	1.263800	0.200000	#_174       
 2000	7	4	1.105100	0.200000	#_175       
 2001	7	4	1.247100	0.200000	#_176       
 2002	7	4	1.472100	0.200000	#_177       
 2003	7	4	1.237300	0.200000	#_178       
 2004	7	4	1.240300	0.200000	#_179       
 2005	7	4	0.989900	0.200000	#_180       
 2006	7	4	0.631900	0.200000	#_181       
 2007	7	4	0.459100	0.200000	#_182       
 2008	7	4	0.323600	0.200000	#_183       
 2009	7	4	0.490500	0.200000	#_184       
 2010	7	4	0.351200	0.200000	#_185       
 2011	7	4	0.408800	0.200000	#_186       
 2012	7	4	0.368500	0.200000	#_187       
 2013	7	4	0.420000	0.200000	#_188       
 2014	7	4	0.343900	0.200000	#_189       
 2015	7	4	0.292000	0.200000	#_190       
 2016	7	4	0.303000	0.200000	#_191       
 2017	7	4	0.319100	0.200000	#_192       
 2009	7	9	0.803201	0.243001	#_193       
 2010	7	9	0.735550	0.265449	#_194       
 2011	7	9	1.646068	0.261243	#_195       
 2012	7	9	1.207458	0.207352	#_196       
 2013	7	9	0.875348	0.253906	#_197       
 2014	7	9	0.732375	0.260064	#_198       
 2015	7	9	0.736247	0.226881	#_199       
 2016	7	9	0.827883	0.228247	#_200       
 2017	7	9	0.693874	0.250359	#_201       
 1993	7	8	0.660440	0.295683	#_202       
 1994	7	8	1.106099	0.216693	#_203       
 1995	7	8	0.522724	0.507363	#_204       
 1996	7	8	0.294763	0.291294	#_205       
 1997	7	8	0.673943	0.196541	#_206       
 2002	7	8	1.485733	0.223033	#_207       
 2004	7	8	0.359828	0.213692	#_208       
 2005	7	8	0.558559	0.160119	#_209       
 2006	7	8	1.142290	0.325920	#_210       
 2007	7	8	0.113646	0.156685	#_211       
 2008	7	8	0.895070	0.209761	#_212       
 2009	7	8	0.952484	0.173403	#_213       
 2010	7	8	1.180982	0.157207	#_214       
 2011	7	8	1.265535	0.111457	#_215       
 2012	7	8	0.899353	0.133449	#_216       
 2013	7	8	0.968950	0.141149	#_217       
 2014	7	8	1.149743	0.111750	#_218       
 2015	7	8	1.500058	0.132806	#_219       
 2016	7	8	2.459650	0.117429	#_220       
 2017	7	8	1.810152	0.124566	#_221       
 1986	7	7	0.454210	0.229322	#_222       
 1987	7	7	1.485960	0.185550	#_223       
 1990	7	7	0.643780	0.254660	#_224       
 1991	7	7	1.423650	0.220455	#_225       
 1993	7	7	0.579360	0.215298	#_226       
 1994	7	7	0.965530	0.188572	#_227       
 1995	7	7	0.726300	0.203662	#_228       
 1996	7	7	0.667820	0.206710	#_229       
 1997	7	7	1.118420	0.185845	#_230       
 1999	7	7	0.583130	0.204291	#_231       
 2000	7	7	0.855270	0.207054	#_232       
 2001	7	7	0.850160	0.196769	#_233       
 2003	7	7	1.367160	0.182395	#_234       
 2006	7	7	1.357800	0.192207	#_235       
 2007	7	7	1.611570	0.177098	#_236       
 2009	7	7	1.274620	0.186419	#_237       
 2010	7	7	1.057390	0.192591	#_238       
 2011	7	7	1.042000	0.194557	#_239       
 2012	7	7	1.076110	0.190458	#_240       
 2013	7	7	0.967770	0.196107	#_241       
 2014	7	7	1.060040	0.194256	#_242       
 2016	7	7	0.831970	0.195724	#_243       
-9999	0	0	0.000000	0.000000	#_terminator
4 #_N_discard_fleets
#_discard_units (1=same_as_catchunits(bio/num); 2=fraction; 3=numbers)
#_discard_errtype:  >0 for DF of T-dist(read CV below); 0 for normal with CV; -1 for normal with se; -2 for lognormal
#
#_discard_fleet_info
#_Fleet	units	errtype
1	1	-2	#_CM_E   
2	1	-2	#_CM_W   
3	1	-2	#_REC    
4	1	-2	#_SMP_BYC
#
#_discard_data
#_Yr	Seas	Flt	Discard	Std_in
 1993	 7	 1	5.86621e-01	0.3	#_1         
 1994	 7	 1	7.96557e-01	0.3	#_2         
 1995	 7	 1	7.90099e-01	0.3	#_3         
 1996	 7	 1	6.61112e-01	0.3	#_4         
 1997	 7	 1	5.80075e-01	0.3	#_5         
 1998	 7	 1	5.17331e-01	0.3	#_6         
 1999	 7	 1	5.78534e-01	0.3	#_7         
 2000	 7	 1	4.46964e-01	0.3	#_8         
 2001	 7	 1	4.65931e-01	0.3	#_9         
 2002	 7	 1	5.76385e-01	0.3	#_10        
 2003	 7	 1	6.74005e-01	0.3	#_11        
 2004	 7	 1	4.92857e-01	0.3	#_12        
 2005	 7	 1	6.35689e+01	0.3	#_13        
 2006	 7	 1	7.41390e+01	0.3	#_14        
 2007	 7	 1	8.76670e+01	0.3	#_15        
 2008	 7	 1	2.81288e+01	0.3	#_16        
 2009	 7	 1	4.39287e+01	0.3	#_17        
 2010	 7	 1	2.03256e+01	0.3	#_18        
 2011	 7	 1	3.59141e+01	0.3	#_19        
 2012	 7	 1	2.43331e+01	0.3	#_20        
 2013	 7	 1	1.41581e+01	0.3	#_21        
 2014	 7	 1	1.49545e+01	0.3	#_22        
 2015	 7	 1	1.11334e+01	0.3	#_23        
 2016	 7	 1	1.23530e+01	0.3	#_24        
 2017	 7	 1	1.34989e+01	0.3	#_25        
 1993	 7	 2	1.13331e-01	0.3	#_26        
 1994	 7	 2	1.24854e-01	0.3	#_27        
 1995	 7	 2	9.52094e-02	0.3	#_28        
 1996	 7	 2	9.83132e-02	0.3	#_29        
 1997	 7	 2	1.89942e-01	0.3	#_30        
 1998	 7	 2	1.57947e-01	0.3	#_31        
 1999	 7	 2	1.78740e-01	0.3	#_32        
 2000	 7	 2	1.13289e-01	0.3	#_33        
 2001	 7	 2	1.42638e-01	0.3	#_34        
 2002	 7	 2	1.64756e-01	0.3	#_35        
 2003	 7	 2	2.12666e-01	0.3	#_36        
 2004	 7	 2	2.13955e-01	0.3	#_37        
 2005	 7	 2	1.33927e+01	0.3	#_38        
 2006	 7	 2	1.01688e+01	0.3	#_39        
 2007	 7	 2	1.88394e+01	0.3	#_40        
 2008	 7	 2	2.50550e+00	0.3	#_41        
 2009	 7	 2	2.31048e+00	0.3	#_42        
 2010	 7	 2	1.57023e+00	0.3	#_43        
 2011	 7	 2	1.53915e+00	0.3	#_44        
 2012	 7	 2	1.79913e+00	0.3	#_45        
 2013	 7	 2	1.48549e+00	0.3	#_46        
 2014	 7	 2	1.41520e+00	0.3	#_47        
 2015	 7	 2	1.66721e+00	0.3	#_48        
 2016	 7	 2	1.86036e+00	0.3	#_49        
 2017	 7	 2	1.64118e+00	0.3	#_50        
 1982	 7	 3	1.00000e+00	0.3	#_51        
 1983	 7	 3	5.30000e+01	0.3	#_52        
 1984	 7	 3	2.50000e+01	0.3	#_53        
 1985	 7	 3	2.40000e+01	0.3	#_54        
 1986	 7	 3	8.50000e+01	0.3	#_55        
 1987	 7	 3	9.00000e+01	0.3	#_56        
 1988	 7	 3	3.56000e+02	0.3	#_57        
 1989	 7	 3	1.74000e+02	0.3	#_58        
 1990	 7	 3	1.45000e+02	0.3	#_59        
 1991	 7	 3	3.19000e+02	0.3	#_60        
 1992	 7	 3	2.81000e+02	0.3	#_61        
 1993	 7	 3	5.61000e+02	0.3	#_62        
 1994	 7	 3	1.72000e+02	0.3	#_63        
 1995	 7	 3	5.67000e+02	0.3	#_64        
 1996	 7	 3	2.05000e+02	0.3	#_65        
 1997	 7	 3	5.70000e+01	0.3	#_66        
 1998	 7	 3	4.60000e+01	0.3	#_67        
 1999	 7	 3	1.45000e+02	0.3	#_68        
 2000	 7	 3	6.10000e+01	0.3	#_69        
 2001	 7	 3	1.27000e+02	0.3	#_70        
 2002	 7	 3	2.90000e+02	0.3	#_71        
 2003	 7	 3	3.09000e+02	0.3	#_72        
 2004	 7	 3	2.02000e+02	0.3	#_73        
 2005	 7	 3	3.63000e+02	0.3	#_74        
 2006	 7	 3	2.29000e+02	0.3	#_75        
 2007	 7	 3	1.94000e+02	0.3	#_76        
 2008	 7	 3	1.61000e+02	0.3	#_77        
 2009	 7	 3	2.11000e+02	0.3	#_78        
 2010	 7	 3	8.40000e+01	0.3	#_79        
 2011	 7	 3	1.68000e+02	0.3	#_80        
 2012	 7	 3	2.10000e+02	0.3	#_81        
 2013	 7	 3	4.77000e+02	0.3	#_82        
 2014	 7	 3	3.94000e+02	0.3	#_83        
 2015	 7	 3	2.91000e+02	0.3	#_84        
 2016	 7	 3	3.29000e+02	0.3	#_85        
 2017	 7	 3	5.94000e+02	0.3	#_86        
 1972	-7	 4	3.77925e+03	0.1	#_87        
 1973	 7	-4	2.83400e+04	0.5	#_88        
 1974	 7	-4	6.81400e+03	0.5	#_89        
 1975	 7	-4	4.82800e+03	0.5	#_90        
 1976	 7	-4	3.50500e+03	0.5	#_91        
 1977	 7	-4	2.11000e+03	0.5	#_92        
 1978	 7	-4	1.00900e+04	0.5	#_93        
 1979	 7	-4	9.44500e+03	0.5	#_94        
 1980	 7	-4	1.44200e+03	0.5	#_95        
 1981	 7	-4	1.26300e+04	0.5	#_96        
 1982	 7	-4	4.25400e+03	0.5	#_97        
 1983	 7	-4	5.55500e+03	0.5	#_98        
 1984	 7	-4	1.27700e+04	0.5	#_99        
 1985	 7	-4	1.14300e+04	0.5	#_100       
 1986	 7	-4	2.17600e+04	0.5	#_101       
 1987	 7	-4	2.33900e+04	0.5	#_102       
 1988	 7	-4	8.48700e+03	0.5	#_103       
 1989	 7	-4	1.29200e+04	0.5	#_104       
 1990	 7	-4	1.71500e+04	0.5	#_105       
 1991	 7	-4	6.13000e+04	0.5	#_106       
 1992	 7	-4	4.19400e+03	0.5	#_107       
 1993	 7	-4	2.02300e+03	0.5	#_108       
 1994	 7	-4	2.43900e+03	0.5	#_109       
 1995	 7	-4	9.97400e+03	0.5	#_110       
 1996	 7	-4	1.19100e+04	0.5	#_111       
 1997	 7	-4	1.10700e+04	0.5	#_112       
 1998	 7	-4	3.62600e+04	0.5	#_113       
 1999	 7	-4	7.99600e+03	0.5	#_114       
 2000	 7	-4	8.94900e+03	0.5	#_115       
 2001	 7	-4	5.54500e+03	0.5	#_116       
 2002	 7	-4	5.39400e+03	0.5	#_117       
 2003	 7	-4	9.54900e+03	0.5	#_118       
 2004	 7	-4	2.56100e+03	0.5	#_119       
 2005	 7	-4	4.77800e+03	0.5	#_120       
 2006	 7	-4	4.18900e+03	0.5	#_121       
 2007	 7	-4	6.84400e+03	0.5	#_122       
 2008	 7	-4	1.03800e+03	0.5	#_123       
 2009	 7	-4	2.10600e+03	0.5	#_124       
 2010	 7	-4	1.11100e+03	0.5	#_125       
 2011	 7	-4	8.52300e+02	0.5	#_126       
 2012	 7	-4	4.43300e+02	0.5	#_127       
 2013	 7	-4	5.73500e+02	0.5	#_128       
 2014	 7	-4	2.90700e+02	0.5	#_129       
 2015	 7	-4	1.78600e+02	0.5	#_130       
 2016	 7	-4	1.54900e+02	0.5	#_131       
 2017	-7	-4	2.12300e+02	0.5	#_132       
-9999	 0	 0	0.00000e+00	0.0	#_terminator
#
#_meanbodywt
0 #_use_meanbodywt
 #_DF_for_meanbodywt_T-distribution_like
#
#_population_length_bins
1 # length bin method: 1=use databins; 2=generate from binwidth,min,max below; 3=read vector
1 #_use_lencomp
#
#_len_info
#_mintailcomp	addtocomp	combine_M_F	CompressBins	CompError	ParmSelect	minsamplesize
1e-04	1e-07	0	0	0	0	1	#_CM_E   
1e-04	1e-07	0	0	0	0	1	#_CM_W   
1e-04	1e-07	0	0	0	0	1	#_REC    
1e-04	1e-07	0	0	0	0	1	#_SMP_BYC
1e-04	1e-07	0	0	0	0	1	#_HB_E   
1e-04	1e-07	0	0	0	0	1	#_HB_W   
1e-04	1e-07	0	0	0	0	1	#_LARVAL 
1e-04	1e-07	0	0	0	0	1	#_VIDEO  
1e-04	1e-07	0	0	0	0	1	#_SEAMAP 
12 #_N_lbins
#_lbin_vector
1 5 10 15 20 25 30 35 40 45 50 55 #_lbin_vector
#
#_lencomp
#_Yr	Seas	FltSvy	Gender	Part	Nsamp	l1	l5	l10	l15	l20	l25	l30	l35	l40	l45	l50	l55
 2009	7	9	0	2	 35.71090	0.10802469	0.06481481	0.138889	0.407407	0.259259	0.0216049	0.00000000	0.00000000	0.000	0.000	0.000	0	#_1         
 2010	7	9	0	2	100.00000	0.02592593	0.02592593	0.203704	0.403704	0.318519	0.0222222	0.00000000	0.00000000	0.000	0.000	0.000	0	#_2         
 2011	7	9	0	2	 17.04720	0.00000000	0.00000000	0.169271	0.356771	0.369792	0.1015625	0.00260417	0.00000000	0.000	0.000	0.000	0	#_3         
 2012	7	9	0	2	 11.08360	0.02127660	0.17234043	0.259574	0.217021	0.225532	0.1000000	0.00425532	0.00000000	0.000	0.000	0.000	0	#_4         
 2013	7	9	0	2	 37.52000	0.01655629	0.01324503	0.311258	0.417219	0.195364	0.0430464	0.00000000	0.00331126	0.000	0.000	0.000	0	#_5         
 2014	7	9	0	2	 69.50690	0.00615385	0.03384615	0.172308	0.406154	0.360000	0.0215385	0.00000000	0.00000000	0.000	0.000	0.000	0	#_6         
 2015	7	9	0	2	 37.91520	0.05056180	0.00280899	0.221910	0.491573	0.207865	0.0252809	0.00000000	0.00000000	0.000	0.000	0.000	0	#_7         
 2016	7	9	0	2	 38.58700	0.00000000	0.00522193	0.281984	0.503916	0.201044	0.0078329	0.00000000	0.00000000	0.000	0.000	0.000	0	#_8         
 2017	7	9	0	2	100.00000	0.00000000	0.00328947	0.217105	0.411184	0.332237	0.0361842	0.00000000	0.00000000	0.000	0.000	0.000	0	#_9         
 2002	7	8	0	0	 17.20420	0.00000000	0.00000000	0.012000	0.355000	0.346000	0.2250000	0.05600000	0.00600000	0.002	0.000	0.000	0	#_10        
 2004	7	8	0	0	  6.56797	0.00000000	0.00000000	0.000000	0.053000	0.419000	0.4210000	0.09000000	0.01100000	0.003	0.001	0.003	0	#_11        
 2005	7	8	0	0	 38.21350	0.00000000	0.00000000	0.020000	0.180000	0.319000	0.3190000	0.08700000	0.03000000	0.030	0.012	0.004	0	#_12        
 2006	7	8	0	0	 18.35090	0.00000000	0.00000000	0.038000	0.289000	0.412000	0.2160000	0.04300000	0.00300000	0.000	0.000	0.000	0	#_13        
 2007	7	8	0	0	 11.24900	0.00000000	0.00000000	0.039000	0.113000	0.327000	0.4540000	0.03800000	0.00200000	0.025	0.002	0.000	0	#_14        
 2008	7	8	0	0	  8.22767	0.00000000	0.00000000	0.000000	0.036000	0.321000	0.3390000	0.27400000	0.01700000	0.000	0.014	0.000	0	#_15        
 2009	7	8	0	0	 25.54670	0.00000000	0.00000000	0.000000	0.120000	0.373000	0.3270000	0.13900000	0.01300000	0.000	0.002	0.026	0	#_16        
 2010	7	8	0	0	 32.10910	0.00000000	0.00000000	0.090000	0.154000	0.170000	0.2240000	0.18700000	0.11600000	0.060	0.000	0.000	0	#_17        
 2011	7	8	0	0	 47.70040	0.00000000	0.04700000	0.115000	0.097000	0.229000	0.2910000	0.12700000	0.03700000	0.036	0.006	0.015	0	#_18        
 2012	7	8	0	0	 39.99490	0.00000000	0.14700000	0.098000	0.218000	0.342000	0.1380000	0.03800000	0.00700000	0.013	0.000	0.000	0	#_19        
 2013	7	8	0	0	100.00000	0.00000000	0.00000000	0.129000	0.231000	0.351000	0.1970000	0.05600000	0.02800000	0.008	0.000	0.000	0	#_20        
 2014	7	8	0	0	100.00000	0.00000000	0.00000000	0.109000	0.205000	0.330000	0.1960000	0.06600000	0.03200000	0.049	0.005	0.008	0	#_21        
 2015	7	8	0	0	 74.90480	0.00000000	0.11300000	0.138000	0.231000	0.292000	0.1220000	0.04900000	0.02000000	0.031	0.002	0.002	0	#_22        
 2016	7	8	0	0	 32.50870	0.00000000	0.13000000	0.173000	0.142000	0.282000	0.1670000	0.07500000	0.01800000	0.011	0.002	0.002	0	#_23        
 2017	7	8	0	0	100.00000	0.00000000	0.00000000	0.064000	0.157000	0.307000	0.2330000	0.15000000	0.05800000	0.022	0.010	0.000	0	#_24        
-9999	0	0	0	0	  0.00000	0.00000000	0.00000000	0.000000	0.000000	0.000000	0.0000000	0.00000000	0.00000000	0.000	0.000	0.000	0	#_terminator
14 #_N_agebins
#
#_agebin_vector
1 2 3 4 5 6 7 8 9 10 11 12 13 14 #_agebin_vector
#
#_ageing_error
1 #_N_ageerror_definitions
#_age0	age1	age2	age3	age4	age5	age6	age7	age8	age9	age10	age11	age12	age13	age14
0.500	1.500	2.500	3.500	4.500	5.500	6.500	7.500	8.500	9.500	10.500	11.500	12.500	13.500	14.500	#_1
0.001	0.001	0.001	0.001	0.001	0.001	0.001	0.001	0.001	0.001	 0.001	 0.001	 0.001	 0.001	 0.001	#_2
#
#_age_info
#_mintailcomp	addtocomp	combine_M_F	CompressBins	CompError	ParmSelect	minsamplesize
1e-04	1e-07	0	0	0	0	1	#_CM_E   
1e-04	1e-07	0	0	0	0	1	#_CM_W   
1e-04	1e-07	0	0	0	0	1	#_REC    
1e-04	1e-07	0	0	0	0	1	#_SMP_BYC
1e-04	1e-07	0	0	0	0	1	#_HB_E   
1e-04	1e-07	0	0	0	0	1	#_HB_W   
1e-04	1e-07	0	0	0	0	1	#_LARVAL 
1e-04	1e-07	0	0	0	0	1	#_VIDEO  
1e-04	1e-07	0	0	0	0	1	#_SEAMAP 
2 #_Lbin_method: 1=poplenbins; 2=datalenbins; 3=lengths
 #_combine males into females at or below this bin number
#_Yr	Seas	FltSvy	Gender	Part	Ageerr	Lbin_lo	Lbin_hi	Nsamp	a1	a2	a3	a4	a5	a6	a7	a8	a9	a10	a11	a12	a13	a14
 1995	7	1	0	2	1	-1	-1	  3.63217	0.000000000	0.00000000	0.0000000	0.0000000	0.3943868	0.3943868	0.03617984	0.00000000	0.13886672	0.00000000	0.00000000	0.036179835	0.000000000	0.000000000	#_1         
 1998	7	1	0	2	1	-1	-1	  6.09301	0.147308643	0.35066416	0.3748876	0.0405359	0.0494876	0.0153515	0.00000000	0.00000000	0.00000000	0.00199403	0.00568170	0.014088857	0.000000000	0.000000000	#_2         
 2000	7	1	0	2	1	-1	-1	  8.15637	0.000000000	0.02759924	0.1590981	0.1344867	0.0912199	0.0288749	0.04147196	0.08016444	0.03497309	0.03950048	0.31211846	0.025493171	0.022587162	0.002412420	#_3         
 2001	7	1	0	2	1	-1	-1	 23.08780	0.000000000	0.06305906	0.2183648	0.2069760	0.1910284	0.1135757	0.06914352	0.04869192	0.02406210	0.02878172	0.01005929	0.011604501	0.011271908	0.003381127	#_4         
 2002	7	1	0	2	1	-1	-1	100.00000	0.006072072	0.20085090	0.3822188	0.1250052	0.0891084	0.0684222	0.04665272	0.03707046	0.01490483	0.00716440	0.01321485	0.004345556	0.001551394	0.003418214	#_5         
 2003	7	1	0	2	1	-1	-1	 23.02320	0.000506687	0.04432424	0.2217771	0.3700341	0.1359717	0.0621314	0.08103227	0.03881434	0.02386336	0.00676217	0.00560218	0.005134444	0.002471615	0.001574404	#_6         
 2004	7	1	0	2	1	-1	-1	 33.49580	0.000000000	0.03627299	0.2283476	0.2559064	0.2037520	0.0829987	0.08126212	0.05074055	0.03128768	0.01176947	0.00765161	0.006055743	0.002840928	0.001114263	#_7         
 2005	7	1	0	2	1	-1	-1	100.00000	0.000000000	0.06645861	0.2517338	0.2165096	0.2089614	0.0998956	0.03709530	0.04621111	0.02922199	0.01744127	0.01276509	0.012289445	0.000000000	0.001416788	#_8         
 2006	7	1	0	2	1	-1	-1	 59.50300	0.000000000	0.09859294	0.2857277	0.2113266	0.1956222	0.1028343	0.04937434	0.01716271	0.01643707	0.01413744	0.00403031	0.003394538	0.000000000	0.001359889	#_9         
 2007	7	1	0	2	1	-1	-1	 54.58310	0.009993806	0.12058039	0.2480810	0.2102620	0.1576323	0.0962265	0.05473196	0.04059793	0.02233950	0.01265415	0.00262769	0.009934679	0.006127695	0.008210497	#_10        
 2008	7	1	0	2	1	-1	-1	100.00000	0.000000000	0.08235332	0.2747276	0.1688949	0.1371830	0.1244805	0.08373873	0.04374425	0.03798763	0.01719518	0.01756760	0.007564847	0.001033724	0.003528750	#_11        
 2009	7	1	0	2	1	-1	-1	100.00000	0.000000000	0.08586034	0.3519978	0.2213406	0.1011078	0.0654533	0.05725220	0.05423668	0.02612711	0.01700470	0.01042925	0.002509138	0.001275617	0.005405413	#_12        
 2010	7	1	0	2	1	-1	-1	 32.12780	0.000826167	0.02776265	0.2596585	0.3701400	0.0509793	0.0621234	0.05453874	0.07576431	0.04881835	0.02655395	0.01453320	0.006149662	0.000656844	0.001494884	#_13        
 2011	7	1	0	2	1	-1	-1	 87.05650	0.010905664	0.03967093	0.1183330	0.2235493	0.2308662	0.1412620	0.07020563	0.06516519	0.03908628	0.02654723	0.01378213	0.008393644	0.006945464	0.005287330	#_14        
 2012	7	1	0	2	1	-1	-1	 99.85900	0.002049909	0.12244585	0.1624207	0.1213789	0.1563963	0.1757948	0.13346637	0.03856953	0.03263893	0.01669230	0.01719535	0.006637710	0.006019972	0.008293410	#_15        
 2013	7	1	0	2	1	-1	-1	 55.53890	0.003493089	0.10665461	0.3471245	0.1313506	0.0810875	0.0902725	0.12152322	0.06352320	0.02132163	0.01076613	0.00737979	0.005474433	0.006102211	0.003926494	#_16        
 2014	7	1	0	2	1	-1	-1	 79.34320	0.000000000	0.07228787	0.2579510	0.1566679	0.0822727	0.0697315	0.06507658	0.09478151	0.07787374	0.03617641	0.04418802	0.009854434	0.013708773	0.019429495	#_17        
 2015	7	1	0	2	1	-1	-1	100.00000	0.003506958	0.09495417	0.2489334	0.2597400	0.1027076	0.0535724	0.06626621	0.05399693	0.06922837	0.02259243	0.00600518	0.013780603	0.000000000	0.004715785	#_18        
 2016	7	1	0	2	1	-1	-1	100.00000	0.001621376	0.12427936	0.2940913	0.2663640	0.1396405	0.0418199	0.02386994	0.02514294	0.03396592	0.02974260	0.01510836	0.000000000	0.001079760	0.003274014	#_19        
 2017	7	1	0	2	1	-1	-1	100.00000	0.005969491	0.18410069	0.3062789	0.1696376	0.1314530	0.0934546	0.02803165	0.01877758	0.01289322	0.02310816	0.01709591	0.001760357	0.004007158	0.003431671	#_20        
 1994	7	2	0	2	1	-1	-1	  8.14388	0.000000000	0.00000000	0.0549348	0.1389875	0.4600735	0.0793384	0.06008279	0.04679029	0.00000000	0.05112450	0.04365920	0.037474459	0.016423589	0.011111111	#_21        
 1995	7	2	0	2	1	-1	-1	  7.31632	0.000000000	0.22861842	0.1400082	0.2905810	0.2519261	0.0540960	0.02080448	0.00000000	0.00683864	0.00712719	0.00000000	0.000000000	0.000000000	0.000000000	#_22        
 2000	7	2	0	2	1	-1	-1	 64.38930	0.000000000	0.00000000	0.1164311	0.1638813	0.2049552	0.1002812	0.04561863	0.05466256	0.05426357	0.08578811	0.09991450	0.000000000	0.018087855	0.056116052	#_23        
 2001	7	2	0	2	1	-1	-1	 48.53930	0.000000000	0.01815887	0.1150525	0.1650519	0.1250909	0.1200332	0.05447660	0.10761394	0.00885609	0.09615945	0.02931902	0.000000000	0.023523985	0.136663563	#_24        
 2002	7	2	0	2	1	-1	-1	 34.72170	0.000000000	0.07623265	0.3130089	0.1053708	0.0739565	0.0989993	0.09769087	0.03963488	0.04156982	0.02536874	0.03044652	0.036166103	0.015233336	0.046321661	#_25        
 2003	7	2	0	2	1	-1	-1	 30.76170	0.003351159	0.01801783	0.1139066	0.2061229	0.2797601	0.1080414	0.07201243	0.04098627	0.05667962	0.03487149	0.00954053	0.021188293	0.013838902	0.021682467	#_26        
 2004	7	2	0	2	1	-1	-1	100.00000	0.003351159	0.01801783	0.1139066	0.2061229	0.2797601	0.1080414	0.07201243	0.04098627	0.05667962	0.03487149	0.00954053	0.021188293	0.013838902	0.021682467	#_27        
 2005	7	2	0	2	1	-1	-1	 21.89890	0.004709523	0.10622190	0.1437091	0.0997633	0.3340020	0.1363538	0.03841131	0.03269809	0.03380234	0.02454575	0.02020187	0.007317253	0.004522999	0.013740677	#_28        
 2006	7	2	0	2	1	-1	-1	 16.33160	0.000000000	0.04759037	0.2637634	0.2064132	0.0911024	0.2068105	0.08787745	0.01538206	0.01742186	0.01532793	0.01957298	0.010199837	0.003580069	0.014958005	#_29        
 2007	7	2	0	2	1	-1	-1	100.00000	0.000000000	0.01732201	0.1058058	0.2275505	0.1941939	0.1257466	0.13187502	0.09156016	0.04421154	0.02059380	0.01599486	0.008981178	0.005457464	0.010707194	#_30        
 2008	7	2	0	2	1	-1	-1	100.00000	0.000000000	0.02093168	0.0729436	0.1333585	0.2124050	0.1866351	0.13189394	0.07561589	0.07274677	0.03479451	0.02012051	0.009661959	0.011999712	0.016892835	#_31        
 2009	7	2	0	2	1	-1	-1	100.00000	0.000000000	0.01683925	0.1606929	0.2355860	0.1588622	0.1358571	0.07922993	0.05739664	0.04396073	0.04432408	0.02404712	0.008487249	0.009015501	0.025701426	#_32        
 2010	7	2	0	2	1	-1	-1	 59.97730	0.003231448	0.01011708	0.0981075	0.3611226	0.1766021	0.1136797	0.09001357	0.04956792	0.02017877	0.02023953	0.02264541	0.009691575	0.003888152	0.020914706	#_33        
 2011	7	2	0	2	1	-1	-1	100.00000	0.029946989	0.04282045	0.0994003	0.1489033	0.1979366	0.1316199	0.10445915	0.07693393	0.03037660	0.04136672	0.03408993	0.022443180	0.007868450	0.031834475	#_34        
 2012	7	2	0	2	1	-1	-1	 89.48650	0.002871052	0.00686726	0.0458322	0.1369926	0.1234721	0.1938824	0.12268320	0.07371141	0.07702008	0.05648191	0.04092151	0.028113469	0.036869657	0.054281158	#_35        
 2013	7	2	0	2	1	-1	-1	 48.41730	0.000000000	0.02045838	0.0762090	0.0879332	0.1688454	0.0583187	0.17062106	0.09924450	0.05944416	0.06490583	0.04521618	0.048622374	0.027585292	0.072596014	#_36        
 2014	7	2	0	2	1	-1	-1	 47.09420	0.002794787	0.04604418	0.0986899	0.1132997	0.0859126	0.1161872	0.08863979	0.08407640	0.08556917	0.06572834	0.05531636	0.043679533	0.027265553	0.086796570	#_37        
 2015	7	2	0	2	1	-1	-1	 23.12460	0.008727483	0.05120011	0.2895159	0.2919142	0.0635003	0.0832146	0.03782972	0.02748538	0.04340205	0.02582880	0.01896033	0.019577182	0.019187405	0.019656500	#_38        
 2016	7	2	0	2	1	-1	-1	 82.64120	0.005217750	0.04617934	0.1376878	0.3008347	0.2275922	0.0534811	0.03650004	0.02406694	0.02170780	0.03174443	0.03032006	0.021918766	0.025328662	0.037420483	#_39        
 2017	7	2	0	2	1	-1	-1	 89.03280	0.008406399	0.08354915	0.1225874	0.1918553	0.2949606	0.1439864	0.01874417	0.02047397	0.01834179	0.01600594	0.02197685	0.016677245	0.010446289	0.031988482	#_40        
 1994	7	3	0	2	1	-1	-1	 13.34740	0.000000000	0.00000000	0.1848385	0.2549163	0.2129922	0.1624145	0.09250177	0.06925254	0.02308418	0.00000000	0.00000000	0.000000000	0.000000000	0.000000000	#_41        
 1995	7	3	0	2	1	-1	-1	  6.78476	0.000000000	0.00000000	0.6039062	0.0000000	0.2408854	0.0347656	0.12044271	0.00000000	0.00000000	0.00000000	0.00000000	0.000000000	0.000000000	0.000000000	#_42        
 1996	7	3	0	2	1	-1	-1	 77.88470	0.004341907	0.07311121	0.1920265	0.1859978	0.2011672	0.1688284	0.06132886	0.05010359	0.02057450	0.03555358	0.00407531	0.000991832	0.001899391	0.000000000	#_43        
 1997	7	3	0	2	1	-1	-1	 15.07320	0.000000000	0.25561655	0.0647999	0.2008381	0.1074422	0.2042327	0.09523779	0.01351351	0.05831926	0.00000000	0.00000000	0.000000000	0.000000000	0.000000000	#_44        
 1998	7	3	0	2	1	-1	-1	 13.40160	0.000000000	0.02850062	0.3710834	0.3226235	0.1238715	0.0285006	0.07696052	0.04845990	0.00000000	0.00000000	0.00000000	0.000000000	0.000000000	0.000000000	#_45        
 1999	7	3	0	2	1	-1	-1	 25.60130	0.043262381	0.20778623	0.2982172	0.1680880	0.0878798	0.0487921	0.03918017	0.07268493	0.01910669	0.00917321	0.00194313	0.001943133	0.001943133	0.000000000	#_46        
 2000	7	3	0	2	1	-1	-1	 61.77870	0.000000000	0.03164626	0.1949859	0.2307705	0.2215960	0.1180383	0.05871068	0.06895858	0.03690470	0.02955700	0.00344446	0.001967029	0.000000000	0.003420618	#_47        
 2001	7	3	0	2	1	-1	-1	  7.04041	0.000000000	0.04170246	0.0460383	0.1511819	0.3697269	0.1190449	0.12602107	0.04875346	0.01322556	0.05020749	0.01701005	0.012999338	0.004088501	0.000000000	#_48        
 2002	7	3	0	2	1	-1	-1	 15.25720	0.000000000	0.08023829	0.2344416	0.1011166	0.1740183	0.1224092	0.15058785	0.08124035	0.02629339	0.00824163	0.00556225	0.008633754	0.007216838	0.000000000	#_49        
 2003	7	3	0	2	1	-1	-1	 19.91550	0.000000000	0.15194980	0.1436198	0.3514034	0.0891948	0.1055952	0.10007142	0.02900980	0.02387645	0.00527937	0.00000000	0.000000000	0.000000000	0.000000000	#_50        
 2004	7	3	0	2	1	-1	-1	  4.26588	0.000000000	0.00000000	0.0607816	0.2982631	0.4382811	0.0693127	0.08680275	0.01176538	0.01241222	0.02070227	0.00167882	0.000000000	0.000000000	0.000000000	#_51        
 2005	7	3	0	2	1	-1	-1	 54.31110	0.000000000	0.13831663	0.2847539	0.2276813	0.1967238	0.0807355	0.02321931	0.02150306	0.00195200	0.00673079	0.01838369	0.000000000	0.000000000	0.000000000	#_52        
 2006	7	3	0	2	1	-1	-1	 93.46070	0.000000000	0.08585090	0.1729546	0.2670766	0.2203566	0.1082755	0.10054561	0.01348117	0.02247010	0.00898893	0.00000000	0.000000000	0.000000000	0.000000000	#_53        
 2007	7	3	0	2	1	-1	-1	100.00000	0.000000000	0.04805185	0.2010844	0.3212905	0.1914931	0.1077549	0.04849048	0.03428468	0.02823710	0.01049038	0.00386277	0.002135097	0.000548564	0.002276235	#_54        
 2008	7	3	0	2	1	-1	-1	 42.57610	0.003004254	0.08354356	0.1887186	0.1675858	0.1671313	0.1657303	0.11950150	0.05056845	0.03387669	0.00830090	0.00596924	0.002190934	0.000441371	0.003437033	#_55        
 2009	7	3	0	2	1	-1	-1	100.00000	0.001677916	0.11501152	0.3769191	0.1942343	0.1312025	0.0816337	0.04988601	0.02424797	0.01648564	0.00488037	0.00224683	0.001407874	0.000166339	0.000000000	#_56        
 2010	7	3	0	2	1	-1	-1	 20.51610	0.006015366	0.05291132	0.3966065	0.3595548	0.0709539	0.0536746	0.03240484	0.01555611	0.00695637	0.00243683	0.00133330	0.000000000	0.000000000	0.001596145	#_57        
 2011	7	3	0	2	1	-1	-1	 78.75770	0.004574421	0.05356050	0.1732320	0.2287708	0.2544933	0.1953689	0.04749785	0.02861073	0.00490752	0.00487777	0.00258259	0.001523615	0.000000000	0.000000000	#_58        
 2012	7	3	0	2	1	-1	-1	100.00000	0.001742165	0.12707357	0.2377034	0.2510466	0.1177446	0.1490641	0.06457854	0.01839740	0.01868963	0.00812018	0.00226338	0.001648764	0.001348830	0.000578870	#_59        
 2013	7	3	0	2	1	-1	-1	100.00000	0.004933819	0.10541994	0.3405166	0.2203355	0.1567798	0.0663547	0.06395728	0.02013570	0.00986498	0.00711231	0.00273648	0.000545259	0.001307604	0.000000000	#_60        
 2014	7	3	0	2	1	-1	-1	100.00000	0.001583921	0.09255744	0.3759133	0.2465258	0.0821614	0.0832332	0.03339768	0.04389032	0.02447325	0.00527518	0.00576190	0.002069669	0.000900335	0.002256566	#_61        
 2015	7	3	0	2	1	-1	-1	 46.13140	0.009519689	0.18114400	0.3959271	0.2833950	0.0594957	0.0192608	0.00963969	0.01787045	0.01538981	0.00342422	0.00211739	0.001792841	0.000699004	0.000324215	#_62        
 2016	7	3	0	2	1	-1	-1	100.00000	0.004487488	0.12155069	0.2938197	0.3099934	0.1933976	0.0366084	0.01307521	0.00495713	0.00928276	0.00646313	0.00261390	0.001749928	0.001018079	0.000982482	#_63        
 2017	7	3	0	2	1	-1	-1	100.00000	0.002557483	0.19085241	0.3103782	0.2109171	0.1440486	0.0933445	0.01456420	0.00972891	0.00504080	0.00896450	0.00300496	0.003201788	0.002182856	0.001213659	#_64        
-9999	0	0	0	0	0	 0	 0	  0.00000	0.000000000	0.00000000	0.0000000	0.0000000	0.0000000	0.0000000	0.00000000	0.00000000	0.00000000	0.00000000	0.00000000	0.000000000	0.000000000	0.000000000	#_terminator
#
#_MeanSize_at_Age_obs
0 #_use_MeanSize_at_Age_obs
0 #_N_environ_variables
0 #_N_sizefreq_methods
0 #_do_tags
0 #_morphcomp_data
0 #_use_selectivity_priors
#
999
